27
1
2
4 6 6 13 0 -1
6 6 2 13 0 3
haar_x3
-2.227539e-005 0 -1
8.374997e-001 -7.016788e-001 
1
2
9 0 2 13 0 -1
10 0 1 13 0 2
haar_x2
6.375965e-005 0 -1
-6.367930e-001 7.807326e-001 
1
3
7 1 10 18 0 -1
7 1 5 9 0 2
12 10 5 9 0 2
haar_x2_y2
2.568540e-001 0 -1
-7.075281e-001 9.999969e-001 
1
2
3 0 16 1 0 -1
11 0 8 1 0 2
haar_x2
3.778874e-002 0 -1
-9.770841e-001 9.999981e-001 
1
2
0 0 12 13 0 -1
4 0 4 13 0 3
haar_x3
1.131226e-003 0 -1
-1.000000e+000 1.000010e+000 
1
2
0 0 2 1 0 -1
1 0 1 1 0 2
haar_x2
0.000000e+000 0 -1
0.000000e+000 -1.000000e+000 
1
2
0 0 12 13 0 -1
4 0 4 13 0 3
haar_x3
-6.218922e-004 0 -1
1.000000e+000 -9.796616e-001 
1
3
5 14 6 6 0 -1
5 14 3 3 0 2
8 17 3 3 0 2
haar_x2_y2
1.619874e-005 0 -1
-8.736086e-001 9.999987e-001 
1
3
6 1 4 12 0 -1
6 1 2 6 0 2
8 7 2 6 0 2
haar_x2_y2
-3.666892e-005 0 -1
1.000000e+000 -9.819257e-001 
1
2
10 0 7 6 0 -1
10 3 7 3 0 2
haar_y2
-1.674792e-005 0 -1
9.571188e-001 -9.151317e-001 
1
2
1 6 14 4 0 -1
1 8 14 2 0 2
haar_y2
1.642809e-005 0 -1
-8.000108e-001 9.406578e-001 
1
2
9 5 2 10 0 -1
10 5 1 10 0 2
haar_x2
-7.473191e-005 0 -1
9.827123e-001 -9.428882e-001 
1
2
1 1 10 14 0 -1
6 1 5 14 0 2
haar_x2
9.766166e-005 0 -1
-8.674213e-001 9.191784e-001 
1
3
8 9 2 6 0 -1
8 9 1 3 0 2
9 12 1 3 0 2
haar_x2_y2
4.645451e-005 0 -1
-9.588677e-001 1.000003e+000 
1
2
7 6 13 12 0 -1
7 10 13 4 0 3
haar_y3
-4.063422e-004 0 -1
1.000000e+000 -9.999997e-001 
1
2
7 6 12 12 0 -1
7 10 12 4 0 3
haar_y3
7.270337e-004 0 -1
-9.687319e-001 9.927235e-001 
1
2
4 1 16 12 0 -1
4 5 16 4 0 3
haar_y3
1.254088e-003 0 -1
-1.000000e+000 1.000004e+000 
1
2
0 0 2 1 0 -1
1 0 1 1 0 2
haar_x2
0.000000e+000 0 -1
0.000000e+000 -1.000000e+000 
1
2
4 1 16 12 0 -1
4 5 16 4 0 3
haar_y3
-8.508896e-004 0 -1
1.000000e+000 -9.700615e-001 
1
3
7 2 8 8 0 -1
7 2 4 4 0 2
11 6 4 4 0 2
haar_x2_y2
-1.897790e-004 0 -1
1.000000e+000 -8.829235e-001 
1
2
2 7 9 12 0 -1
5 7 3 12 0 3
haar_x3
-6.405902e-005 0 -1
9.410300e-001 -7.672370e-001 
1
2
2 0 9 20 0 -1
5 0 3 20 0 3
haar_x3
5.066891e-004 0 -1
-6.205693e-001 9.906569e-001 
1
2
6 2 4 12 0 -1
8 2 2 12 0 2
haar_x2
3.057369e-005 0 -1
-9.191006e-001 9.208017e-001 
1
2
0 10 9 8 0 -1
3 10 3 8 0 3
haar_x3
-3.158642e-005 0 -1
9.656150e-001 -9.810311e-001 
1
2
16 13 4 7 0 -1
18 13 2 7 0 2
haar_x2
-1.560886e-005 0 -1
8.938470e-001 -9.156107e-001 
1
2
9 7 9 3 0 -1
9 8 9 1 0 3
haar_y3
-1.552966e-005 0 -1
8.967733e-001 -7.977008e-001 
1
2
10 9 2 6 0 -1
10 11 2 2 0 3
haar_y3
-2.177270e-005 0 -1
8.534099e-001 -6.635306e-001 
-1.556375e+000

2
-1
