0.bmp,3,0,239,62,64,car,273,235,63,21,car,398,234,37,16,car
1.bmp,3,0,206,234,173,car,212,222,81,56,car,275,231,39,32,car
10.bmp,4,301,219,143,51,car,184,239,36,15,car,238,237,38,17,car,268,237,38,16,car
11.bmp,2,47,180,194,71,car,244,214,66,28,car
12.bmp,3,109,205,120,51,car,235,212,67,32,car,292,185,277,88,car
13.bmp,2,1,223,240,82,car,241,232,73,32,car
14.bmp,2,0,60,259,253,car,278,152,75,56,car
15.bmp,3,123,201,370,176,car,110,224,87,51,car,430,226,87,42,car
16.bmp,2,101,208,219,75,car,344,232,44,17,car
17.bmp,4,234,221,186,93,car,415,235,37,20,car,46,224,149,55,car,0,223,103,53,car
18.bmp,3,294,237,58,47,car,360,233,75,47,car,0,239,45,40,car
19.bmp,2,155,224,118,41,car,293,224,138,61,car
2.bmp,2,347,230,73,37,car,414,220,189,89,car
20.bmp,3,0,224,148,71,car,151,231,64,27,car,404,209,230,76,car
21.bmp,2,130,214,178,76,car,10,214,153,54,car
22.bmp,3,399,237,52,21,car,449,223,155,50,car,591,235,49,27,car
23.bmp,6,81,222,84,28,car,-1,218,74,28,car,310,219,58,29,car,331,220,67,30,car,381,215,161,56,car,537,220,103,35,car
24.bmp,5,47,234,96,32,car,340,230,93,37,car,312,229,46,34,car,413,226,227,77,car,0,231,45,33,car
25.bmp,2,225,205,245,126,car,161,220,120,54,car
26.bmp,2,90,207,156,89,car,480,239,160,92,car
27.bmp,1,120,210,208,96,car
28.bmp,1,217,217,232,114,car
29.bmp,1,58,233,120,47,car
3.bmp,1,429,217,147,64,car
30.bmp,5,280,217,201,134,car,408,234,48,28,car,459,235,57,26,car,512,233,49,25,car,580,232,60,35,car
31.bmp,7,0,225,106,66,car,162,223,80,62,car,102,234,35,21,car,146,230,29,26,car,225,233,35,26,car,268,228,74,42,car,356,218,284,101,car
32.bmp,4,117,214,117,80,car,257,196,165,130,car,420,215,200,81,car,558,219,78,40,car
33.bmp,2,237,224,220,105,car,470,228,124,55,car
34.bmp,5,0,195,225,98,car,209,213,106,44,car,292,200,238,101,car,522,215,44,25,car,587,215,48,30,car
35.bmp,6,173,217,100,59,car,268,230,32,27,car,292,231,23,19,car,424,236,33,18,car,463,236,45,20,car,506,238,53,24,car
36.bmp,4,147,237,46,29,car,218,233,54,32,car,198,239,30,21,car,264,233,72,37,car
37.bmp,2,445,214,148,78,car,554,224,80,40,car
38.bmp,4,283,237,25,17,car,245,236,26,17,car,366,208,196,113,car,545,219,95,85,car
39.bmp,4,115,222,183,111,car,288,234,56,43,car,388,232,182,111,car,377,238,55,40,car
4.bmp,2,412,213,215,83,car,103,227,52,22,car
5.bmp,4,70,232,135,42,car,441,225,41,31,car,533,220,85,48,car,509,228,37,27,car
6.bmp,4,364,233,54,32,car,417,217,201,99,car,539,232,101,63,car,409,235,35,26,car
7.bmp,2,283,220,134,80,car,410,212,225,89,car
8.bmp,1,501,216,139,81,car
9.bmp,1,375,233,87,26,car
